{
    "foursegtdcr": [
        [
            1.0,
            0.0,
            -0.0,
            0.0,
            0.0,
            1.0,
            -0.0,
            0.0,
            0.0,
            0.0,
            1.0,
            0.0,
            0.0,
            0.0,
            0.0,
            1.0
        ],
        [
            0.9974500640249152,
            -0.0,
            -0.0713678483400786,
            0.0,
            -0.0,
            1.0,
            -0.0,
            0.0,
            0.0713678483400786,
            0.0,
            0.9974500640249152,
            0.0,
            0.0001274967987542397,
            0.0,
            0.00356839241700393,
            1.0
        ],
        [
            0.9898132604466151,
            -0.0,
            -0.14237172979226367,
            0.0,
            -0.0,
            1.0,
            -0.0,
            0.0,
            0.14237172979226367,
            0.0,
            0.9898132604466151,
            0.0,
            0.0005093369776692447,
            0.0,
            0.007118586489613184,
            1.0
        ],
        [
            0.9771285359854575,
            -0.0,
            -0.2126495336531841,
            0.0,
            -0.0,
            1.0,
            -0.0,
            0.0,
            0.2126495336531841,
            0.0,
            0.9771285359854575,
            0.0,
            0.0011435732007271271,
            0.0,
            0.010632476682659205,
            1.0
        ],
        [
            0.9594605811119173,
            -0.0,
            -0.28184285212221,
            0.0,
            -0.0,
            1.0,
            -0.0,
            0.0,
            0.28184285212221,
            0.0,
            0.9594605811119173,
            0.0,
            0.002026970944404133,
            0.0,
            0.0140921426061105,
            1.0
        ],
        [
            0.9368995001334712,
            -0.0,
            -0.34959880813534205,
            0.0,
            -0.0,
            1.0,
            -0.0,
            0.0,
            0.34959880813534205,
            0.0,
            0.9368995001334712,
            0.0,
            0.0031550249933264387,
            0.0,
            0.017479940406767102,
            1.0
        ],
        [
            0.9095603516741666,
            -0.0,
            -0.41557185499305205,
            0.0,
            -0.0,
            1.0,
            -0.0,
            0.0,
            0.41557185499305205,
            0.0,
            0.9095603516741666,
            0.0,
            0.00452198241629167,
            0.0,
            0.020778592749652602,
            1.0
        ],
        [
            0.8775825618903728,
            -0.0,
            -0.479425538604203,
            0.0,
            -0.0,
            1.0,
            -0.0,
            0.0,
            0.479425538604203,
            0.0,
            0.8775825618903728,
            0.0,
            0.006120871905481362,
            0.0,
            0.02397127693021015,
            1.0
        ],
        [
            0.8411292134152362,
            -0.0,
            -0.5408342133588315,
            0.0,
            -0.0,
            1.0,
            -0.0,
            0.0,
            0.5408342133588315,
            0.0,
            0.8411292134152362,
            0.0,
            0.007943539329238192,
            0.0,
            0.027041710667941577,
            1.0
        ],
        [
            0.8003862136581351,
            -0.0,
            -0.5994847028790594,
            0.0,
            -0.0,
            1.0,
            -0.0,
            0.0,
            0.5994847028790594,
            0.0,
            0.8003862136581351,
            0.0,
            0.009980689317093245,
            0.0,
            0.02997423514395297,
            1.0
        ],
        [
            0.7555613467006966,
            -0.0,
            -0.6550778971785186,
            0.0,
            -0.0,
            1.0,
            -0.0,
            0.0,
            0.6550778971785186,
            0.0,
            0.7555613467006966,
            0.0,
            0.012221932664965168,
            0.0,
            0.03275389485892593,
            1.0
        ],
        [
            0.7068832136245868,
            -0.0,
            -0.7073302780849812,
            0.0,
            -0.0,
            1.0,
            -0.0,
            0.0,
            0.7073302780849812,
            0.0,
            0.7068832136245868,
            0.0,
            0.014655839318770658,
            0.0,
            0.03536651390424906,
            1.0
        ],
        [
            0.6546000666752675,
            -0.0,
            -0.7559753651467324,
            0.0,
            -0.0,
            1.0,
            -0.0,
            0.0,
            0.7559753651467324,
            0.0,
            0.6546000666752675,
            0.0,
            0.017269996666236624,
            0.0,
            0.03779876825733662,
            1.0
        ],
        [
            0.5989785432073318,
            -0.0,
            -0.8007650746487527,
            0.0,
            -0.0,
            1.0,
            -0.0,
            0.0,
            0.8007650746487527,
            0.0,
            0.5989785432073318,
            0.0,
            0.02005107283963341,
            0.0,
            0.040038253732437634,
            1.0
        ],
        [
            0.5403023058681398,
            -0.0,
            -0.8414709848078965,
            0.0,
            -0.0,
            1.0,
            -0.0,
            0.0,
            0.8414709848078965,
            0.0,
            0.5403023058681398,
            0.0,
            0.02298488470659301,
            0.0,
            0.042073549240394824,
            1.0
        ],
        [
            0.5403023058681398,
            0.0,
            -0.8414709848078965,
            0.0,
            0.0,
            1.0,
            0.0,
            0.0,
            0.8414709848078965,
            0.0,
            0.5403023058681398,
            0.0,
            0.02298488470659301,
            0.0,
            0.042073549240394824,
            1.0
        ],
        [
            0.6328269247913718,
            0.007829987170534732,
            -0.7742536887609932,
            0.0,
            -0.11026654700517191,
            0.9906685846595487,
            -0.08010645404836562,
            0.0,
            0.7664015735048121,
            0.13606780173706035,
            0.6277851395659124,
            0.0,
            0.025863739791194044,
            0.00024362595210424448,
            0.04416498022114078,
            1.0
        ],
        [
            0.7153092502611018,
            0.031070930743751668,
            -0.6981169484789904,
            0.0,
            -0.2085651547092477,
            0.962971106660888,
            -0.17084268780785467,
            0.0,
            0.6669582091345814,
            0.26780822429309653,
            0.6953024538062342,
            0.0,
            0.028430134171756338,
            0.0009667557456156836,
            0.04653393504026467,
            1.0
        ],
        [
            0.7851260878589336,
            0.0689836964492196,
            -0.6154821490405129,
            0.0,
            -0.29176962174003007,
            0.9177884319262141,
            -0.2693230069119622,
            0.0,
            0.5463034998908629,
            0.39103151260048463,
            0.7407069880596315,
            0.0,
            0.03060244852709615,
            0.0021463916046191387,
            0.04910507356855009,
            1.0
        ],
        [
            0.8400570450625442,
            0.12036254045250856,
            -0.5289773340102625,
            0.0,
            -0.357233787332072,
            0.856557510001957,
            -0.37241543100096075,
            0.0,
            0.40827464068831243,
            0.5018187829436694,
            0.762554736957134,
            0.0,
            0.03231159650617428,
            0.0037450174408683555,
            0.051796625606164354,
            1.0
        ],
        [
            0.8783551466319286,
            0.18357345575823442,
            -0.4413536254820875,
            0.0,
            -0.4028756874669237,
            0.7812256745951899,
            -0.4768413004358412,
            0.0,
            0.25726137843301883,
            0.596646655646598,
            0.7601508741509629,
            0.0,
            0.033503221888874515,
            0.00571179198204382,
            0.05452299142926743,
            1.0
        ],
        [
            0.8988023938540306,
            0.2566061387132517,
            -0.3553977298421302,
            0.0,
            -0.4272437678025256,
            0.694188712306754,
            -0.5792795478694135,
            0.0,
            0.09806640442152348,
            0.672499309501925,
            0.7335718499528647,
            0.0,
            0.0341394272828171,
            0.007984165682297074,
            0.0571974641273916,
            1.0
        ],
        [
            0.9007485006890331,
            0.33713792291361133,
            -0.2738433118408313,
            0.0,
            -0.4295630476147122,
            0.598214669167954,
            -0.6764723185143913,
            0.0,
            -0.06424738617577697,
            0.7269643942627254,
            0.6836629599764852,
            0.0,
            0.03419997937827369,
            0.01048986999229868,
            0.059734987152798694,
            1.0
        ],
        [
            0.8841315748884081,
            0.42260764721824606,
            -0.19928405555388007,
            0.0,
            -0.40975976659394575,
            0.4963558181698688,
            -0.765328580055518,
            0.0,
            -0.22451791012348782,
            0.7583097508812469,
            0.6120114621085155,
            0.0,
            0.03368295243032961,
            0.013149215723816896,
            0.062054859383170735,
            1.0
        ],
        [
            0.8494800863608643,
            0.5102971086368671,
            -0.13409117716386904,
            0.0,
            -0.3684637306525085,
            0.3918515874915758,
            -0.8430224270883708,
            0.0,
            -0.37764806641895354,
            0.7655384995525603,
            0.520896096772514,
            0.0,
            0.03260478950356001,
            0.015877627413687007,
            0.0640833016682298,
            1.0
        ],
        [
            0.797896060186041,
            0.5974175096369658,
            -0.08033801291269016,
            0.0,
            -0.306988282138189,
            0.2880255366114598,
            -0.9070829536980198,
            0.0,
            -0.5187678399529384,
            0.7484207435920295,
            0.4132146158979813,
            0.0,
            0.030999779531448737,
            0.018588333086516754,
            0.06575580323612382,
            1.0
        ],
        [
            0.7310200287903654,
            0.6811981505767651,
            -0.03973408056226191,
            0.0,
            -0.22728853146394945,
            0.1881796567816087,
            -0.9554728359500951,
            0.0,
            -0.6433891831328024,
            0.7075008808647173,
            0.292391625398804,
            0.0,
            0.028918966821686383,
            0.021195123873310403,
            0.0670191733365596,
            1.0
        ],
        [
            0.6509788579148627,
            0.7589745465689705,
            -0.013570711414169656,
            0.0,
            -0.13189917851762212,
            0.095489357438868,
            -0.9866531251267026,
            0.0,
            -0.7475487497509694,
            0.6440802902405396,
            0.1622696720568103,
            0.0,
            0.02642852768846988,
            0.023615095721558496,
            0.06783323287205223,
            1.0
        ],
        [
            0.5603181056713691,
            0.8282731663850686,
            -0.002679981959041733,
            0.0,
            -0.023853901324145055,
            0.012902478311212606,
            -0.9996321910808228,
            0.0,
            -0.8279339417178562,
            0.5601759436997281,
            0.026987038586191114,
            0.0,
            0.023607665839944045,
            0.0257712860018874,
            0.0681720922181569,
            1.0
        ],
        [
            0.46192106587948,
            0.8868900984395303,
            -0.007408251256910359,
            0.0,
            0.09341112434847426,
            -0.05695446105154267,
            -0.9939972591583351,
            0.0,
            -0.8819882599812308,
            0.45845626035233583,
            -0.10915386662428539,
            0.0,
            0.020546093454008568,
            0.027595121158979073,
            0.06802497459402676,
            1.0
        ],
        [
            0.46192106587948,
            0.8868900984395303,
            -0.007408251256910359,
            0.0,
            0.09341112434847426,
            -0.05695446105154267,
            -0.9939972591583351,
            0.0,
            -0.8819882599812308,
            0.45845626035233583,
            -0.10915386662428539,
            0.0,
            0.020546093454008568,
            0.027595121158979073,
            0.06802497459402676,
            1.0
        ],
        [
            0.353900914176777,
            0.9350621661929074,
            -0.020319653035162043,
            0.0,
            0.09341112434847428,
            -0.05695446105154268,
            -0.9939972591583351,
            0.0,
            -0.9306065252257775,
            0.34987845706896015,
            -0.10750144411238592,
            0.0,
            0.01730548890292748,
            0.029040283191580387,
            0.06763763254067921,
            1.0
        ],
        [
            0.24087108071809404,
            0.9699978627275772,
            -0.03294341781949727,
            0.0,
            0.09341112434847429,
            -0.056954461051542685,
            -0.9939972591583351,
            0.0,
            -0.9660514915477598,
            0.23634791234589075,
            -0.10432727355820161,
            0.0,
            0.01391459389916699,
            0.030088354087620478,
            0.06725891959714915,
            1.0
        ],
        [
            0.12443157124480259,
            0.9912026521026837,
            -0.04510084857467674,
            0.0,
            0.0934111243484743,
            -0.056954461051542685,
            -0.9939972591583351,
            0.0,
            -0.9878214139840782,
            0.11947171979566801,
            -0.09967628726814559,
            0.0,
            0.010421408614968247,
            0.030724497768873676,
            0.06689419667449377,
            1.0
        ],
        [
            0.00623065752709695,
            0.9983763676833967,
            -0.05661984950604711,
            0.0,
            0.09341112434847432,
            -0.056954461051542685,
            -0.9939972591583351,
            0.0,
            -0.9956081260991868,
            0.0009043327018873337,
            -0.09361432276970437,
            0.0,
            0.006875381203437076,
            0.030939709236295066,
            0.06654862664655266,
            1.0
        ],
        [
            -0.11205845492107502,
            0.9914174611814022,
            -0.06733736217973217,
            0.0,
            0.09341112434847433,
            -0.056954461051542685,
            -0.9939972591583351,
            0.0,
            -0.989301402267608,
            -0.11767585576893563,
            -0.08622719084136621,
            0.0,
            0.0033267078299919206,
            0.03073094204123523,
            0.06622710126634211,
            1.0
        ],
        [
            -0.2287613120793241,
            0.9704244401324205,
            -0.0771016737135097,
            0.0,
            0.09341112434847434,
            -0.05695446105154268,
            -0.9939972591583351,
            0.0,
            -0.9689905179844125,
            -0.2345902712390408,
            -0.07761946080908642,
            0.0,
            -0.00017437788475555688,
            0.03010115140976578,
            0.06593417192032879,
            1.0
        ],
        [
            -0.3422259143314971,
            0.9356944734623825,
            -0.08577456436453375,
            0.0,
            0.09341112434847436,
            -0.05695446105154268,
            -0.9939972591583351,
            0.0,
            -0.9349629861165225,
            -0.3481839193562549,
            -0.06791298030415299,
            0.0,
            -0.0035783159523207417,
            0.02905925240966464,
            0.06567398520079806,
            1.0
        ],
        [
            -0.4508461015206628,
            0.8877191848813244,
            -0.0932332641134979,
            0.0,
            0.09341112434847437,
            -0.05695446105154267,
            -0.9939972591583351,
            0.0,
            -0.8877004869839682,
            -0.4568488132412793,
            -0.05724515043617724,
            0.0,
            -0.006836921567995712,
            0.0276199937522329,
            0.06545022420832913,
            1.0
        ],
        [
            -0.5530842891187943,
            0.8271776936520532,
            -0.09937219054860577,
            0.0,
            0.09341112434847439,
            -0.056954461051542664,
            -0.9939972591583351,
            0.0,
            -0.8278720498832607,
            -0.5590467355157338,
            -0.04576698079717962,
            0.0,
            -0.009904067195939656,
            0.02580374901535476,
            0.0652660564152759,
            1.0
        ],
        [
            -0.6474932336668965,
            0.754927001245719,
            -0.10410444344854879,
            0.0,
            0.0934111243484744,
            -0.05695446105154266,
            -0.9939972591583351,
            0.0,
            -0.7563245825725485,
            -0.6533310127006635,
            -0.03364095182936606,
            0.0,
            -0.012736335532382723,
            0.023636228243164734,
            0.06512408882827761,
            1.0
        ],
        [
            -0.7327365193825911,
            0.6719898599670088,
            -0.10736303490776401,
            0.0,
            0.09341112434847441,
            -0.05695446105154264,
            -0.9939972591583351,
            0.0,
            -0.6740708827794297,
            -0.7383669937557126,
            -0.021038714816073435,
            0.0,
            -0.015293634103853565,
            0.021148114004803428,
            0.06502633108450115,
            1.0
        ],
        [
            -0.8076074759348248,
            0.579540295275912,
            -0.10910183759080389,
            0.0,
            0.09341112434847441,
            -0.056954461051542636,
            -0.9939972591583351,
            0.0,
            -0.5822753014357858,
            -0.8129509428728386,
            -0.008138662053905149,
            0.0,
            -0.017539762800420577,
            0.018374627064070524,
            0.06497416700400996,
            1.0
        ],
        [
            -0.8710462595931433,
            0.4788869867463665,
            -0.10929623769270343,
            0.0,
            0.09341112434847443,
            -0.05695446105154262,
            -0.9939972591583351,
            0.0,
            -0.4822372605852314,
            -0.8760270790856376,
            0.004876598398258495,
            0.0,
            -0.019442926310170132,
            0.01535502780818416,
            0.06496833500095296,
            1.0
        ],
        [
            -0.9221548559575157,
            0.3714547429143791,
            -0.10794348336229517,
            0.0,
            0.09341112434847443,
            -0.05695446105154261,
            -0.9939972591583351,
            0.0,
            -0.37537285927718245,
            -0.9267025214882826,
            0.017822827646917526,
            0.0,
            -0.020976184201101297,
            0.01213206049322454,
            0.06500891763086522,
            1.0
        ],
        [
            -0.9221548559575157,
            0.3714547429143791,
            -0.10794348336229517,
            0.0,
            0.09341112434847443,
            -0.05695446105154261,
            -0.9939972591583351,
            0.0,
            -0.37537285927718245,
            -0.9267025214882826,
            0.017822827646917526,
            0.0,
            -0.020976184201101297,
            0.01213206049322454,
            0.06500891763086522,
            1.0
        ],
        [
            -0.9760060543522376,
            0.19866626038107377,
            -0.08912855240592939,
            0.0,
            0.04822460363700873,
            -0.20194121301692097,
            -0.9782096575322226,
            0.0,
            -0.21233598251787308,
            -0.9590367372897942,
            0.18751524486482568,
            0.0,
            -0.022030650404957528,
            0.008748670324049943,
            0.06537733485114607,
            1.0
        ],
        [
            -0.9988816716672226,
            0.02491039311403931,
            -0.04018554867360908,
            0.0,
            0.02902968158505223,
            -0.34773969715557795,
            -0.9371416011517244,
            0.0,
            -0.037318676214001256,
            -0.9372601428296474,
            0.3466276692195584,
            0.0,
            -0.022478580368821884,
            0.005346337688630362,
            0.0663356931586559,
            1.0
        ],
        [
            -0.9894910188808516,
            -0.140009198192655,
            0.03612406366377345,
            0.0,
            0.0369093748746101,
            -0.48612366539493285,
            -0.8731102335841455,
            0.0,
            0.13980422597511133,
            -0.8626014180167138,
            0.48618265295571256,
            0.0,
            -0.022294700969838124,
            0.002117029138948477,
            0.06782992002152598,
            1.0
        ],
        [
            -0.9483639357911202,
            -0.28678741357084153,
            0.13549474051830596,
            0.0,
            0.07141909512660094,
            -0.6092852117836285,
            -0.7897283352856707,
            0.0,
            0.30903908837244765,
            -0.7392729604950569,
            0.598306219037376,
            0.0,
            -0.021489387059023483,
            -0.0007570511450995399,
            0.06977570811020281,
            1.0
        ],
        [
            -0.8778208963727516,
            -0.4071427265116208,
            0.2523197854707838,
            0.0,
            0.13061173348467828,
            -0.7102753104824625,
            -0.6917004831537774,
            0.0,
            0.46083733460676346,
            -0.574233213570693,
            0.6766721270045107,
            0.0,
            -0.020108076090997594,
            -0.0031137416874409494,
            0.07206327208906585,
            1.0
        ],
        [
            -0.7818420828990915,
            -0.4942844445948825,
            0.380007691026825,
            0.0,
            0.21114752047125954,
            -0.783395893986282,
            -0.5845576086959039,
            0.0,
            0.5866341977815897,
            -0.3767940566369949,
            0.7168588123725536,
            0.0,
            -0.018228704450047907,
            -0.004820073197303371,
            0.07456354292915227,
            1.0
        ],
        [
            -0.665842815934072,
            -0.543295854216512,
            0.5113540449239997,
            0.0,
            0.3084824625984422,
            -0.82452134972327,
            -0.4743449315843039,
            0.0,
            0.6793319621055571,
            -0.15809540993231772,
            0.7165988603257378,
            0.0,
            -0.015957310120247845,
            -0.005779770968011256,
            0.07713545024622111,
            1.0
        ],
        [
            -0.5363680108924812,
            -0.5514116316057155,
            0.6389480177770066,
            0.0,
            0.4171247237555913,
            -0.8313312955372673,
            -0.36728087602290216,
            0.0,
            0.7337004305048926,
            0.06952330249816446,
            0.6759069378891475,
            0.0,
            -0.013422049805955325,
            -0.00593868689244822,
            0.0796338817797788,
            1.0
        ],
        [
            -0.4007229005530649,
            -0.5181738680366245,
            0.7555904971982519,
            0.0,
            0.530944485812397,
            -0.8034415003852855,
            -0.26940621456093183,
            0.0,
            0.7466720230179701,
            0.2932193682937812,
            0.5970789663852244,
            0.0,
            -0.010765968068964994,
            -0.005287854609785305,
            0.08191787092301306,
            1.0
        ],
        [
            -0.26656085891402875,
            -0.4454579059732739,
            0.8547002764132706,
            0.0,
            0.643519805469703,
            -0.742425563437227,
            -0.18624323537554788,
            0.0,
            0.717514855918155,
            0.5003713988237356,
            0.4845625808664215,
            0.0,
            -0.008138926462355516,
            -0.003863995405860696,
            0.08385855034648404,
            1.0
        ],
        [
            -0.14145158221032855,
            -0.33736652841991377,
            0.9306853793802126,
            0.0,
            0.7484989534086341,
            -0.6517261283987583,
            -0.12248416350101915,
            0.0,
            0.6478740360875515,
            0.679291453695879,
            0.34470618546722587,
            0.0,
            -0.005689148035774026,
            -0.0017474463232788427,
            0.08534642295588968,
            1.0
        ],
        [
            -0.03245399120116099,
            -0.1999984715294889,
            0.9792585714922201,
            0.0,
            0.8399587918236386,
            -0.5364606425264633,
            -0.08172641591473054,
            0.0,
            0.5416788407287922,
            0.8198844982105482,
            0.1854007634848069,
            0.0,
            -0.0035548542884286383,
            0.0009423726185137371,
            0.08629753994162695,
            1.0
        ],
        [
            0.0542820475476299,
            -0.04110432146141515,
            0.9976792541048619,
            0.0,
            0.9127389699475272,
            -0.4031326198081152,
            -0.066269627928429,
            0.0,
            0.40492101952499776,
            0.9142179858238636,
            0.015634651994659403,
            0.0,
            -0.0018564664299714657,
            0.004053696344480542,
            0.08665823734198225,
            1.0
        ],
        [
            0.11386270968803502,
            0.1303507895096886,
            0.9849080947056428,
            0.0,
            0.9627330815748395,
            -0.2592646994288024,
            -0.07698590307002018,
            0.0,
            0.24531672789255948,
            0.9569694286152999,
            -0.15501359847379312,
            0.0,
            -0.0006898109700515312,
            0.007410977619304844,
            0.08640816387338777,
            1.0
        ]
    ],
    "onesegtdcr": [
        [
            1.0,
            0.0,
            -0.0,
            0.0,
            0.0,
            1.0,
            -0.0,
            0.0,
            0.0,
            0.0,
            1.0,
            0.0,
            0.0,
            0.0,
            0.0,
            1.0
        ],
        [
            0.9815575640420856,
            -0.010647745364814292,
            -0.1908700447697674,
            0.0,
            -0.010647745364814292,
            0.9938525213473619,
            -0.11019887172806112,
            0.0,
            0.1908700447697674,
            0.11019887172806112,
            0.9754100853894475,
            0.0,
            0.00042590981459257176,
            0.00024589914610552487,
            0.004407954869122445,
            1.0
        ],
        [
            0.927137252019174,
            -0.04206732716062576,
            -0.372353133334333,
            0.0,
            -0.04206732716062576,
            0.9757124173397247,
            -0.21497818176417774,
            0.0,
            0.372353133334333,
            0.21497818176417774,
            0.9028496693588987,
            0.0,
            0.0016826930864250302,
            0.0009715033064110133,
            0.00859912727056711,
            1.0
        ],
        [
            0.839415445582711,
            -0.0927135357205179,
            -0.5355239583915729,
            0.0,
            -0.0927135357205179,
            0.9464718151942371,
            -0.30918490153486844,
            0.0,
            0.5355239583915729,
            0.30918490153486844,
            0.785887260776948,
            0.0,
            0.003708541428820716,
            0.0021411273922305194,
            0.01236739606139474,
            1.0
        ],
        [
            0.7227062881922088,
            -0.16009559915681873,
            -0.672357806631305,
            0.0,
            -0.16009559915681873,
            0.9075687627307363,
            -0.3881859606503302,
            0.0,
            0.672357806631305,
            0.3881859606503302,
            0.6302750509229451,
            0.0,
            0.0064038239662727505,
            0.0036972494907705484,
            0.015527438426013208,
            1.0
        ],
        [
            0.5827495162766714,
            -0.2408996790971653,
            -0.7761252127654328,
            0.0,
            -0.2408996790971653,
            0.8609165054255572,
            -0.4480961005149781,
            0.0,
            0.7761252127654328,
            0.4480961005149781,
            0.4436660217022285,
            0.0,
            0.009635987163886613,
            0.0055633397829777135,
            0.017923844020599128,
            1.0
        ],
        [
            0.42642817997724203,
            -0.33115184468972286,
            -0.8417229134815628,
            0.0,
            -0.33115184468972286,
            0.8088093933257474,
            -0.4859689506816563,
            0.0,
            0.8417229134815628,
            0.4859689506816563,
            0.23523757330298942,
            0.0,
            0.013246073787588915,
            0.0076476242669701044,
            0.019438758027266256,
            1.0
        ],
        [
            0.26143013591674136,
            -0.4264135098438146,
            -0.8659248250611788,
            0.0,
            -0.4264135098438146,
            0.7538100453055806,
            -0.49994193084705113,
            0.0,
            0.8659248250611788,
            0.49994193084705113,
            0.015240181222321939,
            0.0,
            0.017056540393752585,
            0.00984759818777678,
            0.019997677233882048,
            1.0
        ],
        [
            0.09586995972388157,
            -0.5219997221358441,
            -0.8475407016259708,
            0.0,
            -0.5219997221358441,
            0.6986233199079606,
            -0.48932785223291847,
            0.0,
            0.8475407016259708,
            0.48932785223291847,
            -0.2055067203681578,
            0.0,
            0.020879988885433763,
            0.012055067203681576,
            0.01957311408931674,
            1.0
        ],
        [
            -0.06211012741035682,
            -0.6132095679693972,
            -0.7874746712268621,
            0.0,
            -0.6132095679693972,
            0.6459632908632145,
            -0.4546487134128408,
            0.0,
            0.7874746712268621,
            0.4546487134128408,
            -0.4161468365471424,
            0.0,
            0.024528382718775887,
            0.01416146836547142,
            0.018185948536513633,
            1.0
        ]
    ],
    "threesegtdcr": [
        [
            1.0,
            0.0,
            -0.0,
            0.0,
            0.0,
            1.0,
            -0.0,
            0.0,
            0.0,
            0.0,
            1.0,
            0.0,
            0.0,
            0.0,
            0.0,
            1.0
        ],
        [
            0.9815575640420856,
            -0.010647745364814292,
            -0.1908700447697674,
            0.0,
            -0.010647745364814292,
            0.9938525213473619,
            -0.11019887172806112,
            0.0,
            0.1908700447697674,
            0.11019887172806112,
            0.9754100853894475,
            0.0,
            0.00042590981459257176,
            0.00024589914610552487,
            0.004407954869122445,
            1.0
        ],
        [
            0.927137252019174,
            -0.04206732716062576,
            -0.372353133334333,
            0.0,
            -0.04206732716062576,
            0.9757124173397247,
            -0.21497818176417774,
            0.0,
            0.372353133334333,
            0.21497818176417774,
            0.9028496693588987,
            0.0,
            0.0016826930864250302,
            0.0009715033064110133,
            0.00859912727056711,
            1.0
        ],
        [
            0.839415445582711,
            -0.0927135357205179,
            -0.5355239583915729,
            0.0,
            -0.0927135357205179,
            0.9464718151942371,
            -0.30918490153486844,
            0.0,
            0.5355239583915729,
            0.30918490153486844,
            0.785887260776948,
            0.0,
            0.003708541428820716,
            0.0021411273922305194,
            0.01236739606139474,
            1.0
        ],
        [
            0.7227062881922088,
            -0.16009559915681873,
            -0.672357806631305,
            0.0,
            -0.16009559915681873,
            0.9075687627307363,
            -0.3881859606503302,
            0.0,
            0.672357806631305,
            0.3881859606503302,
            0.6302750509229451,
            0.0,
            0.0064038239662727505,
            0.0036972494907705484,
            0.015527438426013208,
            1.0
        ],
        [
            0.5827495162766714,
            -0.2408996790971653,
            -0.7761252127654328,
            0.0,
            -0.2408996790971653,
            0.8609165054255572,
            -0.4480961005149781,
            0.0,
            0.7761252127654328,
            0.4480961005149781,
            0.4436660217022285,
            0.0,
            0.009635987163886613,
            0.0055633397829777135,
            0.017923844020599128,
            1.0
        ],
        [
            0.42642817997724203,
            -0.33115184468972286,
            -0.8417229134815628,
            0.0,
            -0.33115184468972286,
            0.8088093933257474,
            -0.4859689506816563,
            0.0,
            0.8417229134815628,
            0.4859689506816563,
            0.23523757330298942,
            0.0,
            0.013246073787588915,
            0.0076476242669701044,
            0.019438758027266256,
            1.0
        ],
        [
            0.26143013591674136,
            -0.4264135098438146,
            -0.8659248250611788,
            0.0,
            -0.4264135098438146,
            0.7538100453055806,
            -0.49994193084705113,
            0.0,
            0.8659248250611788,
            0.49994193084705113,
            0.015240181222321939,
            0.0,
            0.017056540393752585,
            0.00984759818777678,
            0.019997677233882048,
            1.0
        ],
        [
            0.09586995972388157,
            -0.5219997221358441,
            -0.8475407016259708,
            0.0,
            -0.5219997221358441,
            0.6986233199079606,
            -0.48932785223291847,
            0.0,
            0.8475407016259708,
            0.48932785223291847,
            -0.2055067203681578,
            0.0,
            0.020879988885433763,
            0.012055067203681576,
            0.01957311408931674,
            1.0
        ],
        [
            -0.06211012741035682,
            -0.6132095679693972,
            -0.7874746712268621,
            0.0,
            -0.6132095679693972,
            0.6459632908632145,
            -0.4546487134128408,
            0.0,
            0.7874746712268621,
            0.4546487134128408,
            -0.4161468365471424,
            0.0,
            0.024528382718775887,
            0.01416146836547142,
            0.018185948536513633,
            1.0
        ],
        [
            -0.06211012741035682,
            -0.6132095679693972,
            -0.7874746712268621,
            0.0,
            -0.6132095679693972,
            0.6459632908632145,
            -0.4546487134128408,
            0.0,
            0.7874746712268621,
            0.4546487134128408,
            -0.4161468365471424,
            0.0,
            0.024528382718775887,
            0.01416146836547142,
            0.018185948536513633,
            1.0
        ],
        [
            -0.009512723599052447,
            -0.5815599172370804,
            -0.8134479520860128,
            0.0,
            -0.6132095679693972,
            0.6459632908632145,
            -0.4546487134128408,
            0.0,
            0.7898629842197401,
            0.4944891197188936,
            -0.3627629758383846,
            0.0,
            0.027158252909341107,
            0.015743950902087255,
            0.016887284493556094,
            1.0
        ],
        [
            0.04312694332731863,
            -0.5473265129199522,
            -0.8358072475242888,
            0.0,
            -0.6132095679693972,
            0.6459632908632145,
            -0.4546487134128408,
            0.0,
            0.7887420950539077,
            0.532132610457254,
            -0.3077674322892545,
            0.0,
            0.029790236255659658,
            0.01745562111794367,
            0.015769319721642295,
            1.0
        ],
        [
            0.09557500593034961,
            -0.5106614471387088,
            -0.8544532196952701,
            0.0,
            -0.6132095679693972,
            0.6459632908632145,
            -0.4546487134128408,
            0.0,
            0.7841169836141791,
            0.5674119431800551,
            -0.25140454002351487,
            0.0,
            0.03241263938581121,
            0.019288874407005843,
            0.014837021113093232,
            1.0
        ],
        [
            0.14759844803105282,
            -0.4717276153961897,
            -0.8693030282999417,
            0.0,
            -0.6132095679693972,
            0.6459632908632145,
            -0.4546487134128408,
            0.0,
            0.7760081983391733,
            0.600170378917346,
            -0.19392470801988942,
            0.0,
            0.03501381149084637,
            0.021235565994131796,
            0.014094530682859655,
            1.0
        ],
        [
            0.1989661399538127,
            -0.43069799286546595,
            -0.8802906986294579,
            0.0,
            -0.6132095679693972,
            0.6459632908632145,
            -0.4546487134128408,
            0.0,
            0.7644517649287397,
            0.6302623785367688,
            -0.1355833075954032,
            0.0,
            0.03758219608698436,
            0.02328704712066798,
            0.013545147166383846,
            1.0
        ],
        [
            0.2494498653889851,
            -0.3877548658959835,
            -0.8873674146774858,
            0.0,
            -0.6132095679693972,
            0.6459632908632145,
